[default_avatar.jpg]
filters=sat=1,1.000000;sat=1,0.321637;bw=1;finetune2=1,0.000000,0.000000,0.151579,00000000,0.000000;
moddate=17f7100058a9d601
width=225
height=225
textactive=0
